1.00000 0.98144 0.97737 0.97779 0.97839 0.96864 0.98165 0.98066 0.98149 0.97382 0.98162 0.97522 0.97681 0.98085 0.97892 0.97976 0.97959 0.98021 0.96969 0.97927 0.98144 0.97653 0.97639 0.98219 0.97808 0.97900 0.97767 0.97969 0.97936 0.02283 0.98000 0.97239 0.97053 0.97952 0.98112 0.97858 0.98068 0.97809
0.98144 1.00000 0.98354 0.98329 0.98591 0.97743 0.98610 0.99082 0.98545 0.98179 0.98496 0.98012 0.98182 0.98478 0.98318 0.98139 0.98199 0.98268 0.97440 0.98249 0.98115 0.97945 0.98072 0.98661 0.98522 0.98443 0.98195 0.99253 0.98270 0.04134 0.98817 0.98132 0.98013 0.98333 0.98559 0.98336 0.98295 0.98400
0.97737 0.98354 1.00000 0.98258 0.98419 0.97458 0.99250 0.98446 0.98887 0.97846 0.99001 0.98004 0.98150 0.99163 0.98138 0.98079 0.98102 0.98241 0.97319 0.98202 0.98204 0.97688 0.97910 0.98358 0.98193 0.99527 0.98231 0.98523 0.98309 0.01714 0.98675 0.97946 0.97465 0.98136 0.99081 0.98006 0.98181 0.97973
0.97779 0.98329 0.98258 1.00000 0.98179 0.98017 0.98580 0.98567 0.98490 0.97878 0.98523 0.97973 0.99463 0.98429 0.98186 0.98546 0.98435 0.98568 0.97325 0.98179 0.98284 0.97722 0.97737 0.98236 0.98052 0.98390 0.99581 0.98615 0.98172 0.05834 0.98473 0.98530 0.98341 0.98039 0.98555 0.97941 0.98526 0.98009
0.97839 0.98591 0.98419 0.98179 1.00000 0.97380 0.98752 0.98418 0.98634 0.98186 0.98731 0.98390 0.98147 0.98730 0.98595 0.98250 0.98318 0.98353 0.97582 0.98284 0.98091 0.99231 0.98262 0.98324 0.99441 0.98563 0.98188 0.98510 0.98366 0.02321 0.99206 0.97793 0.97574 0.99448 0.98573 0.99564 0.98293 0.98238
0.96864 0.97743 0.97458 0.98017 0.97380 1.00000 0.97786 0.98261 0.97800 0.97344 0.97800 0.97169 0.97819 0.97640 0.97577 0.97726 0.97557 0.97702 0.96735 0.97455 0.97522 0.96854 0.97360 0.97307 0.97266 0.97702 0.97743 0.97985 0.97499 0.16174 0.97711 0.99538 0.99466 0.97326 0.97739 0.97165 0.97667 0.97104
0.98165 0.98610 0.99250 0.98580 0.98752 0.97786 1.00000 0.98944 0.99498 0.98226 0.99499 0.98388 0.98525 0.99354 0.98634 0.98744 0.98886 0.98869 0.97738 0.98613 0.98668 0.98144 0.98191 0.98652 0.98480 0.99219 0.98601 0.98957 0.98640 0.02077 0.99032 0.98152 0.98014 0.98587 0.99514 0.98465 0.98714 0.98387
0.98066 0.99082 0.98446 0.98567 0.98418 0.98261 0.98944 1.00000 0.98727 0.98460 0.98765 0.98202 0.98451 0.98658 0.98749 0.98509 0.98558 0.98694 0.97536 0.98580 0.98428 0.97811 0.98335 0.98528 0.98264 0.98533 0.98480 0.99450 0.98458 0.05116 0.98838 0.98605 0.98313 0.98403 0.98647 0.98192 0.98523 0.98179
0.98149 0.98545 0.98887 0.98490 0.98634 0.97800 0.99498 0.98727 1.00000 0.98167 0.99527 0.98276 0.98456 0.99241 0.98575 0.98788 0.98680 0.98693 0.97938 0.98579 0.98488 0.98155 0.98428 0.98538 0.98393 0.99060 0.98320 0.98775 0.98509 0.03011 0.98764 0.98132 0.97982 0.98423 0.99504 0.98306 0.98691 0.98261
0.97382 0.98179 0.97846 0.97878 0.98186 0.97344 0.98226 0.98460 0.98167 1.00000 0.98316 0.98197 0.98059 0.98233 0.98383 0.97960 0.97999 0.98103 0.97099 0.98027 0.97939 0.97767 0.97989 0.97953 0.98086 0.98012 0.97682 0.98318 0.97927 0.04104 0.98387 0.97715 0.97515 0.98068 0.98084 0.97981 0.97763 0.97905
0.98162 0.98496 0.99001 0.98523 0.98731 0.97800 0.99499 0.98765 0.99527 0.98316 1.00000 0.98410 0.98503 0.99342 0.98836 0.98848 0.98758 0.98836 0.97907 0.98658 0.98491 0.98332 0.98436 0.98687 0.98587 0.99140 0.98375 0.98750 0.98594 0.02751 0.98875 0.98178 0.97909 0.98596 0.99456 0.98463 0.98680 0.98147
0.97522 0.98012 0.98004 0.97973 0.98390 0.97169 0.98388 0.98202 0.98276 0.98197 0.98410 1.00000 0.98083 0.98521 0.98720 0.98233 0.98256 0.98107 0.97162 0.98121 0.97956 0.97932 0.98034 0.97944 0.98143 0.98281 0.97875 0.98262 0.97887 0.01545 0.98625 0.97450 0.97340 0.98072 0.98108 0.98121 0.97733 0.98868
0.97681 0.98182 0.98150 0.99463 0.98147 0.97819 0.98525 0.98451 0.98456 0.98059 0.98503 0.98083 1.00000 0.98518 0.98269 0.98606 0.98650 0.98694 0.97489 0.98372 0.98385 0.97838 0.97921 0.98250 0.98165 0.98348 0.99214 0.98442 0.98348 0.04421 0.98466 0.98288 0.98008 0.98173 0.98428 0.98032 0.98396 0.97810
0.98085 0.98478 0.99163 0.98429 0.98730 0.97640 0.99354 0.98658 0.99241 0.98233 0.99342 0.98521 0.98518 1.00000 0.98765 0.98700 0.98828 0.98758 0.97842 0.98605 0.98434 0.98311 0.98105 0.98551 0.98492 0.99322 0.98277 0.98764 0.98526 0.02199 0.98988 0.98029 0.97909 0.98616 0.99180 0.98475 0.98389 0.98230
0.97892 0.98318 0.98138 0.98186 0.98595 0.97577 0.98634 0.98749 0.98575 0.98383 0.98836 0.98720 0.98269 0.98765 1.00000 0.98661 0.98620 0.98600 0.97663 0.98577 0.98345 0.98058 0.98751 0.98255 0.98341 0.98400 0.98039 0.98525 0.98478 0.03315 0.98868 0.97937 0.97651 0.98496 0.98503 0.98326 0.98096 0.98173
0.97976 0.98139 0.98079 0.98546 0.98250 0.97726 0.98744 0.98509 0.98788 0.97960 0.98848 0.98233 0.98606 0.98700 0.98661 1.00000 0.99735 0.99513 0.97789 0.98594 0.98335 0.97946 0.98106 0.98350 0.98090 0.98445 0.98479 0.98612 0.98525 0.03222 0.98516 0.98036 0.97871 0.98264 0.98746 0.98107 0.99205 0.97937
0.97959 0.98199 0.98102 0.98435 0.98318 0.97557 0.98886 0.98558 0.98680 0.97999 0.98758 0.98256 0.98650 0.98828 0.98620 0.99735 1.00000 0.99499 0.97706 0.98627 0.98490 0.97983 0.97993 0.98334 0.98125 0.98450 0.98375 0.98666 0.98453 0.02029 0.98614 0.97872 0.97785 0.98327 0.98691 0.98187 0.99085 0.97948
0.98021 0.98268 0.98241 0.98568 0.98353 0.97702 0.98869 0.98694 0.98693 0.98103 0.98836 0.98107 0.98694 0.98758 0.98600 0.99513 0.99499 1.00000 0.97781 0.98725 0.98650 0.98179 0.98175 0.98504 0.98253 0.98543 0.98622 0.98779 0.98658 0.03211 0.98658 0.98222 0.97978 0.98541 0.98812 0.98279 0.99400 0.98028
0.96969 0.97440 0.97319 0.97325 0.97582 0.96735 0.97738 0.97536 0.97938 0.97099 0.97907 0.97162 0.97489 0.97842 0.97663 0.97789 0.97706 0.97781 1.00000 0.97741 0.97586 0.97669 0.97353 0.97521 0.97538 0.97762 0.97232 0.97641 0.97517 0.03646 0.97913 0.97114 0.97124 0.97704 0.98021 0.97691 0.97579 0.97003
0.97927 0.98249 0.98202 0.98179 0.98284 0.97455 0.98613 0.98580 0.98579 0.98027 0.98658 0.98121 0.98372 0.98605 0.98577 0.98594 0.98627 0.98725 0.97741 1.00000 0.98874 0.98266 0.98462 0.98970 0.98278 0.98448 0.98153 0.98544 0.98724 0.02983 0.98657 0.97995 0.97791 0.98417 0.98583 0.98272 0.98362 0.97893
0.98144 0.98115 0.98204 0.98284 0.98091 0.97522 0.98668 0.98428 0.98488 0.97939 0.98491 0.97956 0.98385 0.98434 0.98345 0.98335 0.98490 0.98650 0.97586 0.98874 1.00000 0.98085 0.98345 0.98624 0.98280 0.98392 0.98217 0.98429 0.98420 0.03416 0.98530 0.97913 0.97777 0.98189 0.98699 0.98087 0.98416 0.97900
0.97653 0.97945 0.97688 0.97722 0.99231 0.96854 0.98144 0.97811 0.98155 0.97767 0.98332 0.97932 0.97838 0.98311 0.98058 0.97946 0.97983 0.98179 0.97669 0.98266 0.98085 1.00000 0.98118 0.98305 0.99369 0.98208 0.97837 0.98019 0.97986 0.02333 0.98734 0.97285 0.97287 0.99419 0.98237 0.99577 0.98165 0.97899
0.97639 0.98072 0.97910 0.97737 0.98262 0.97360 0.98191 0.98335 0.98428 0.97989 0.98436 0.98034 0.97921 0.98105 0.98751 0.98106 0.97993 0.98175 0.97353 0.98462 0.98345 0.98118 1.00000 0.98399 0.98258 0.98305 0.97655 0.98371 0.98239 0.03032 0.98472 0.97790 0.97466 0.98126 0.98308 0.98066 0.98153 0.98042
0.98219 0.98661 0.98358 0.98236 0.98324 0.97307 0.98652 0.98528 0.98538 0.97953 0.98687 0.97944 0.98250 0.98551 0.98255 0.98350 0.98334 0.98504 0.97521 0.98970 0.98624 0.98305 0.98399 1.00000 0.98687 0.98551 0.98311 0.98731 0.98558 0.02801 0.98618 0.97806 0.97699 0.98318 0.98706 0.98284 0.98462 0.98185
0.97808 0.98522 0.98193 0.98052 0.99441 0.97266 0.98480 0.98264 0.98393 0.98086 0.98587 0.98143 0.98165 0.98492 0.98341 0.98090 0.98125 0.98253 0.97538 0.98278 0.98280 0.99369 0.98258 0.98687 1.00000 0.98511 0.98189 0.98479 0.98275 0.02696 0.99056 0.97678 0.97474 0.99351 0.98480 0.99405 0.98305 0.98077
0.97900 0.98443 0.99527 0.98390 0.98563 0.97702 0.99219 0.98533 0.99060 0.98012 0.99140 0.98281 0.98348 0.99322 0.98400 0.98445 0.98450 0.98543 0.97762 0.98448 0.98392 0.98208 0.98305 0.98551 0.98511 1.00000 0.98437 0.98804 0.98644 0.01808 0.99010 0.98179 0.97891 0.98424 0.99349 0.98367 0.98485 0.98130
0.97767 0.98195 0.98231 0.99581 0.98188 0.97743 0.98601 0.98480 0.98320 0.97682 0.98375 0.97875 0.99214 0.98277 0.98039 0.98479 0.98375 0.98622 0.97232 0.98153 0.98217 0.97837 0.97655 0.98311 0.98189 0.98437 1.00000 0.98626 0.98347 0.04959 0.98540 0.98476 0.98103 0.98145 0.98446 0.98039 0.98538 0.98006
0.97969 0.99253 0.98523 0.98615 0.98510 0.97985 0.98957 0.99450 0.98775 0.98318 0.98750 0.98262 0.98442 0.98764 0.98525 0.98612 0.98666 0.98779 0.97641 0.98544 0.98429 0.98019 0.98371 0.98731 0.98479 0.98804 0.98626 1.00000 0.98582 0.04723 0.99020 0.98527 0.98398 0.98362 0.98859 0.98210 0.98641 0.98396
0.97936 0.98270 0.98309 0.98172 0.98366 0.97499 0.98640 0.98458 0.98509 0.97927 0.98594 0.97887 0.98348 0.98526 0.98478 0.98525 0.98453 0.98658 0.97517 0.98724 0.98420 0.97986 0.98239 0.98558 0.98275 0.98644 0.98347 0.98582 1.00000 0.03395 0.98654 0.98070 0.97729 0.98427 0.98597 0.98219 0.98395 0.97926
0.02283 0.04134 0.01714 0.05834 0.02321 0.16174 0.02077 0.05116 0.03011 0.04104 0.02751 0.01545 0.04421 0.02199 0.03315 0.03222 0.02029 0.03211 0.03646 0.02983 0.03416 0.02333 0.03032 0.02801 0.02696 0.01808 0.04959 0.04723 0.03395 1.00000 0.03096 0.14470 0.16142 0.02964 0.03136 0.02742 0.03789 0.02363
0.98000 0.98817 0.98675 0.98473 0.99206 0.97711 0.99032 0.98838 0.98764 0.98387 0.98875 0.98625 0.98466 0.98988 0.98868 0.98516 0.98614 0.98658 0.97913 0.98657 0.98530 0.98734 0.98472 0.98618 0.99056 0.99010 0.98540 0.99020 0.98654 0.03096 1.00000 0.98225 0.98107 0.99127 0.98880 0.99056 0.98477 0.98426
0.97239 0.98132 0.97946 0.98530 0.97793 0.99538 0.98152 0.98605 0.98132 0.97715 0.98178 0.97450 0.98288 0.98029 0.97937 0.98036 0.97872 0.98222 0.97114 0.97995 0.97913 0.97285 0.97790 0.97806 0.97678 0.98179 0.98476 0.98527 0.98070 0.14470 0.98225 1.00000 0.99631 0.97838 0.98234 0.97609 0.98163 0.97504
0.97053 0.98013 0.97465 0.98341 0.97574 0.99466 0.98014 0.98313 0.97982 0.97515 0.97909 0.97340 0.98008 0.97909 0.97651 0.97871 0.97785 0.97978 0.97124 0.97791 0.97777 0.97287 0.97466 0.97699 0.97474 0.97891 0.98103 0.98398 0.97729 0.16142 0.98107 0.99631 1.00000 0.97635 0.98109 0.97525 0.97925 0.97407
0.97952 0.98333 0.98136 0.98039 0.99448 0.97326 0.98587 0.98403 0.98423 0.98068 0.98596 0.98072 0.98173 0.98616 0.98496 0.98264 0.98327 0.98541 0.97704 0.98417 0.98189 0.99419 0.98126 0.98318 0.99351 0.98424 0.98145 0.98362 0.98427 0.02964 0.99127 0.97838 0.97635 1.00000 0.98583 0.99744 0.98400 0.98054
0.98112 0.98559 0.99081 0.98555 0.98573 0.97739 0.99514 0.98647 0.99504 0.98084 0.99456 0.98108 0.98428 0.99180 0.98503 0.98746 0.98691 0.98812 0.98021 0.98583 0.98699 0.98237 0.98308 0.98706 0.98480 0.99349 0.98446 0.98859 0.98597 0.03136 0.98880 0.98234 0.98109 0.98583 1.00000 0.98459 0.99009 0.98308
0.97858 0.98336 0.98006 0.97941 0.99564 0.97165 0.98465 0.98192 0.98306 0.97981 0.98463 0.98121 0.98032 0.98475 0.98326 0.98107 0.98187 0.98279 0.97691 0.98272 0.98087 0.99577 0.98066 0.98284 0.99405 0.98367 0.98039 0.98210 0.98219 0.02742 0.99056 0.97609 0.97525 0.99744 0.98459 1.00000 0.98274 0.98243
0.98068 0.98295 0.98181 0.98526 0.98293 0.97667 0.98714 0.98523 0.98691 0.97763 0.98680 0.97733 0.98396 0.98389 0.98096 0.99205 0.99085 0.99400 0.97579 0.98362 0.98416 0.98165 0.98153 0.98462 0.98305 0.98485 0.98538 0.98641 0.98395 0.03789 0.98477 0.98163 0.97925 0.98400 0.99009 0.98274 1.00000 0.98212
0.97809 0.98400 0.97973 0.98009 0.98238 0.97104 0.98387 0.98179 0.98261 0.97905 0.98147 0.98868 0.97810 0.98230 0.98173 0.97937 0.97948 0.98028 0.97003 0.97893 0.97900 0.97899 0.98042 0.98185 0.98077 0.98130 0.98006 0.98396 0.97926 0.02363 0.98426 0.97504 0.97407 0.98054 0.98308 0.98243 0.98212 1.00000
